500 1700
1000
43 468
336 1001
1171 1463
466 1206
1147 1496
1444 1487
1292 1356
769 1156
576 1032
54 351
1152 1384
1447 1484
1309 1345
1111 1490
1204 1449
1202 1459
620 1081
298 1299
283 1299
1011 1123
540 1158
460 1157
1013 1203
1136 1434
1371 1417
883 1323
653 1022
1201 1477
894 1101
1012 1370
1363 1402
791 1424
504 1286
90 1427
119 1258
834 933
1171 1330
870 1442
514 719
755 1140
425 1280
498 530
51 938
368 950
195 696
299 917
1288 1317
1173 1287
265 1314
357 1186
555 913
310 333
1447 1467
46 660
794 940
755 1011
247 1150
1188 1475
1024 1459
1393 1415
316 325
836 1334
1072 1488
1299 1473
1063 1287
1066 1188
862 1414
976 1286
552 1196
626 1020
627 1077
696 803
873 1467
180 1352
1486 1498
1091 1354
1316 1498
1051 1057
63 128
469 1042
631 1241
815 1102
79 716
1185 1493
326 1102
894 1171
930 1028
1086 1348
1106 1207
865 1172
491 1414
93 705
320 751
1207 1472
1366 1402
605 924
529 1101
1471 1495
758 1437
840 983
1357 1453
510 1263
1235 1304
136 804
758 1214
111 701
82 319
360 1362
266 1404
678 1144
1411 1490
950 1283
155 675
722 903
925 1370
880 1009
121 1472
5 946
783 1005
394 1186
1315 1439
1039 1462
236 509
963 1270
939 1201
473 765
119 1216
557 789
1084 1086
1212 1316
453 542
117 180
612 789
1479 1497
654 1055
1347 1492
214 632
116 1440
460 723
1206 1270
1481 1487
198 1463
1135 1147
394 1038
927 959
604 808
1100 1101
1280 1300
354 949
384 541
1317 1337
399 1419
399 1317
232 1450
427 659
231 521
442 1061
149 1163
157 1176
794 1362
256 1399
648 1215
1448 1451
117 1110
566 1075
11 301
197 574
591 1162
1174 1469
360 532
770 1427
12 1423
776 1280
912 1053
1184 1392
497 1265
876 1365
1404 1461
476 973
1323 1344
756 982
1014 1173
941 1429
1414 1468
410 1416
410 724
1261 1320
960 1446
1308 1449
725 1483
1020 1277
222 1112
684 1357
1492 1493
195 1253
1013 1498
1287 1393
1212 1480
973 1277
292 583
80 660
920 990
161 450
926 1381
10 968
1210 1453
1243 1363
1398 1496
1180 1400
1286 1430
16 1169
557 692
1475 1476
1491 1494
242 1047
976 1098
1382 1397
1227 1423
514 519
370 1218
716 1151
1292 1491
1090 1446
723 1471
685 1090
1457 1458
1000 1339
1346 1373
1065 1224
1492 1494
828 1339
830 1479
1393 1444
836 1350
1204 1208
1004 1142
189 847
893 901
318 1163
1437 1463
1321 1496
546 592
1305 1451
321 884
1135 1455
80 586
759 1334
895 1491
1105 1303
1185 1423
397 1195
1201 1358
1443 1470
1347 1381
415 1465
212 562
1387 1499
1105 1241
913 1152
82 478
618 1377
1180 1349
1300 1384
164 903
1264 1421
272 1023
275 342
688 918
219 393
200 768
1251 1390
934 1082
505 631
1030 1090
654 1173
366 408
297 1429
1183 1237
461 1144
342 634
39 1394
132 775
995 1308
1499 1500
177 1037
563 619
1015 1228
714 897
911 1167
1346 1394
451 972
346 1286
702 1091
1287 1326
620 1007
731 1042
227 537
1482 1491
1334 1418
1292 1403
741 1096
908 1351
88 780
1278 1358
1072 1145
63 1181
202 644
858 1148
1441 1478
677 710
1373 1437
1471 1489
321 1090
1015 1352
773 784
1366 1468
57 288
226 1440
443 649
1306 1369
1443 1457
26 967
583 645
742 835
298 1377
1029 1206
520 1292
143 1466
1193 1472
261 1201
719 1125
566 1158
4 167
277 547
1134 1290
48 646
5 1153
403 827
655 1406
348 1026
472 837
297 794
825 1033
358 897
212 1277
1194 1230
1036 1083
308 437
86 291
619 683
1068 1102
1112 1396
782 1139
1169 1346
385 1366
698 834
1392 1408
1056 1477
619 712
1431 1443
200 1156
589 659
1466 1486
1243 1350
77 1027
626 1275
1386 1439
159 1491
1440 1491
835 1173
65 303
504 1429
723 899
1449 1465
225 838
155 169
1132 1467
360 1157
320 1202
144 277
8 1203
186 271
814 1476
813 1351
1197 1344
260 360
1373 1480
1087 1097
1150 1253
523 983
638 737
1294 1497
888 1246
704 1073
759 871
922 1360
582 1299
893 1461
512 1092
369 1034
177 500
1277 1468
517 1043
997 1199
628 1086
167 909
842 1361
1316 1492
471 840
310 1263
1475 1496
715 907
372 1360
807 1497
835 1380
521 1372
446 608
773 1100
21 1097
1217 1493
1255 1358
388 1366
188 520
261 1314
937 1029
1103 1469
371 457
733 896
845 1275
1318 1472
1059 1159
797 1004
734 909
507 1203
360 819
59 562
122 529
1158 1359
76 988
96 484
366 1247
392 1426
757 1164
1469 1479
1296 1420
303 703
846 1024
1041 1110
1329 1400
16 1416
646 937
1171 1379
178 1359
454 847
139 1416
490 617
1290 1444
826 1423
123 734
1415 1486
1003 1209
397 527
1222 1480
1301 1464
1136 1454
505 808
20 334
439 1196
1181 1473
1147 1230
718 1033
958 1159
1251 1407
1485 1494
1270 1436
1111 1500
233 1350
1444 1468
85 401
660 1464
1422 1447
692 776
971 1046
156 1159
560 1295
1293 1342
839 1233
677 939
960 1228
287 927
172 1037
283 871
551 1349
79 700
337 574
1139 1232
546 843
1469 1481
1460 1491
1414 1437
868 1093
990 1448
1448 1468
1223 1254
1251 1396
703 706
1060 1321
937 1044
533 903
602 776
11 431
296 1237
892 953
1256 1434
1190 1356
1462 1486
824 1397
643 651
1434 1453
786 1406
314 1022
343 576
1292 1483
1285 1424
69 1301
227 757
1142 1302
285 970
490 771
1353 1455
1178 1285
190 1467
1118 1473
695 1459
1181 1488
325 398
598 1402
1155 1473
22 433
455 534
59 666
1234 1427
330 480
646 1204
451 834
5 411
242 611
529 894
689 1462
1067 1252
320 559
1105 1179
966 1222
424 1344
736 1342
21 1353
564 912
313 794
907 1399
273 843
1196 1440
1012 1433
1450 1497
664 1233
67 939
447 695
1028 1206
151 258
814 1200
729 1193
1355 1360
1254 1262
547 1493
1234 1294
1479 1492
1484 1491
93 215
225 1358
1202 1286
764 1203
1270 1349
737 1238
274 293
202 844
1021 1482
372 1492
647 715
87 400
1284 1389
501 1397
771 1332
816 1003
1472 1500
1194 1279
1279 1339
177 945
127 140
323 341
642 649
1049 1407
987 1000
1050 1431
575 1159
318 1385
875 1423
512 1488
866 1495
581 1142
787 978
525 1329
937 1266
592 892
371 713
493 694
911 1121
1199 1260
344 441
1091 1272
945 1289
851 955
6 282
748 1258
287 1115
1352 1444
314 1384
1241 1246
414 936
1250 1480
1209 1231
956 1124
974 1484
887 1187
722 1258
1204 1317
392 1368
108 722
1477 1497
375 1149
1012 1397
943 1021
857 949
1253 1455
1311 1378
1492 1499
1010 1412
1195 1228
16 1291
918 1302
341 737
514 1275
935 1241
403 684
137 829
635 672
1224 1283
350 867
792 959
573 1435
272 556
1009 1300
232 1076
1305 1489
166 1174
50 1359
782 988
266 1214
15 453
172 979
768 1378
339 1460
934 1456
1107 1438
1368 1427
545 770
677 1140
698 1482
973 1031
308 560
186 1260
1105 1197
1085 1451
1059 1436
14 668
371 1166
405 974
793 1017
151 244
390 998
713 1375
565 1008
372 1159
338 1222
1078 1213
211 1136
765 1331
1016 1284
1034 1206
1172 1392
230 486
1039 1125
999 1366
1056 1201
804 1215
131 295
28 964
530 700
5 443
1282 1486
1057 1359
1054 1141
862 1474
1156 1257
553 1392
36 1432
1324 1328
776 1261
101 1043
57 394
1067 1227
300 1024
703 1089
499 1153
1177 1394
132 1407
533 1490
167 965
442 989
265 321
690 1322
766 1223
1318 1355
588 926
526 819
304 1160
490 683
343 1075
502 723
1256 1402
251 968
104 1266
883 1009
991 1185
123 1107
588 1488
1373 1422
46 371
1259 1377
233 501
650 812
695 713
836 850
754 1413
1143 1322
1108 1346
1445 1454
509 1252
72 396
230 1042
61 221
217 1445
1180 1426
1254 1413
1006 1245
1051 1495
1031 1317
931 1033
1285 1336
989 1071
91 130
1062 1164
446 622
707 1316
215 1335
501 1138
117 665
560 1012
885 1444
1239 1332
157 252
353 1291
1054 1268
275 535
635 1192
303 379
1389 1444
1163 1219
1300 1469
1205 1445
157 960
770 1386
303 769
849 1107
189 1036
1311 1365
1135 1352
1142 1339
533 722
219 1125
86 1316
846 853
21 71
869 1420
676 1031
1347 1398
715 1372
1488 1494
92 654
236 267
249 614
424 475
990 1020
85 967
1307 1442
1091 1466
1107 1307
940 1397
520 1263
946 1324
571 1125
1220 1370
474 1016
827 1495
39 196
832 1304
1494 1500
400 772
388 693
1054 1218
1026 1489
695 1415
298 769
1348 1359
239 746
1070 1148
1223 1238
1145 1408
672 1040
754 932
978 1346
601 1417
276 557
679 873
238 1009
898 1431
229 650
521 862
1257 1467
1429 1459
1041 1482
970 1317
296 468
47 1168
1041 1164
102 775
446 1000
1027 1325
951 1258
687 1216
60 276
732 1463
93 1162
114 1197
378 601
460 749
624 699
52 1259
1230 1243
1440 1500
153 1144
40 783
956 1423
1339 1488
865 1363
408 561
254 906
563 942
552 1340
740 1006
442 1490
1127 1483
1106 1123
249 1408
298 1215
1207 1414
525 1477
965 1423
1209 1406
1253 1453
1257 1282
1248 1292
578 709
1448 1459
1134 1332
443 1180
139 1138
411 1328
1481 1489
177 472
423 981
185 1467
601 1110
968 1169
361 396
186 929
96 333
868 959
268 464
1415 1450
624 1261
385 1174
1468 1479
1032 1391
95 1445
1311 1356
307 527
289 364
481 846
211 887
908 1221
1145 1443
1363 1498
652 1128
1449 1497
1193 1207
328 717
585 806
1167 1468
852 1435
997 1263
141 1009
962 996
124 936
1450 1479
229 826
962 1166
84 424
557 1188
1309 1433
78 764
1100 1492
435 930
87 251
893 911
728 1265
668 1193
150 413
894 1340
1165 1251
898 1179
610 987
1439 1494
556 895
706 1043
626 1070
1083 1144
829 1024
40 562
1336 1478
1294 1390
71 1392
1141 1307
1041 1196
838 1103
1318 1468
816 1012
1385 1440
328 443
1431 1441
529 1154
472 611
607 972
1244 1366
1477 1496
908 1464
751 1121
558 1067
957 1422
963 1161
918 1398
836 1000
472 616
368 1466
234 375
1080 1338
302 849
995 1459
259 1172
1060 1118
1067 1207
322 813
706 1144
618 1125
1117 1337
721 1189
284 1322
1118 1224
714 1459
378 447
483 1254
206 339
